10
0.00 2.50 1.80 0.00 0.00 0.00 0.00 0.00 0.00 0.00
0.00 0.00 0.00 1.50 2.80 0.00 0.00 0.00 0.00 0.00
0.00 0.00 0.00 0.00 3.00 2.20 0.00 0.00 0.00 0.00
0.00 0.00 0.00 0.00 0.00 0.00 4.10 0.00 0.00 0.00
0.00 0.00 0.00 0.00 0.00 0.00 1.30 2.00 0.00 0.00
0.00 0.00 0.00 0.00 0.00 0.00 0.00 3.10 2.70 0.00
0.00 0.00 0.00 0.00 0.00 0.00 0.00 0.00 2.40 1.90
0.00 0.00 0.00 0.00 0.00 0.00 0.00 0.00 0.00 2.90
0.00 0.00 0.00 0.00 0.00 0.00 0.00 0.00 0.00 1.40
0.00 0.00 0.00 0.00 0.00 0.00 0.00 0.00 0.00 0.00
