-95
    -97
    -90
        -94
            -93
                -92
        -4
            -37
                -45
                    -88
                        -81
                            -82
                                -84
                                    -87
                            -70
                                -74
                                    -72
                                -50
                                    -53
                                        -68
                                            -69
                                            -62
                                                -66
                                                    -64
                                                -60
                                                    -59
                                                        -54
                                                            -57
                                                                -55
                                    -48
                    -42
                        -44
                            -43
                        -40
                -34
                    -18
                        -23
                            -27
                                -28
                                -25
                            -20
                                -19
                        -15
                            -16
                            -12
                                -13
                                -6
                                    -11
                                        -9
                                            -7
            -1
                40
                    37
                        10
                            1
                                0
                                9
                                    8
                                        3
                            19
                                16
                                    11
                                        13
                                            12
                                    17
                                36
                                    20
                                        35
                                            23
                                                22
                    48
                        42
                            41
                            46
                        81
                            67
                                64
                                    54
                                        51
                                            49
                                        57
                                            56
                                            59
                                79
                                    68
                                        77
                                            75
                                                74
                                            78
                            83
                                82
                                99
                                    98
                                        92
                                            91
                                                87
                                                    85
                                            97
                                                94
                                    100
